Sample	STAR_mqc-generalstats-star-uniquely_mapped_percent	STAR_mqc-generalstats-star-uniquely_mapped	Cutadapt_mqc-generalstats-cutadapt-percent_trimmed	FastQC_mqc-generalstats-fastqc-percent_duplicates	FastQC_mqc-generalstats-fastqc-percent_gc	FastQC_mqc-generalstats-fastqc-avg_sequence_length	FastQC_mqc-generalstats-fastqc-percent_fails	FastQC_mqc-generalstats-fastqc-total_sequences
LVAD001_S1	87.41	30879317.0						
LVAD001_S1_	87.91	30514041.0						
LVAD001_S1_R1_001			0.46615845208619955					
LVAD001_S1_R1_001_val_1				72.09208020635913	49.0	75.02954598353898	25.0	34709997.0
LVAD001_S1_R2_001			2.4834453770269214					
LVAD001_S1_R2_001_val_2				63.3311940503438	50.0	74.369924376542	25.0	34709997.0
LVAD006_S2	87.97	26717934.0						
LVAD006_S2_	88.55	26370957.0						
LVAD006_S2_R1_001			0.5909327442078447					
LVAD006_S2_R1_001_val_1				75.61266511278482	49.0	75.03656527912351	25.0	29779398.0
LVAD006_S2_R2_001			2.27531092493578					
LVAD006_S2_R2_001_val_2				68.72027406461444	51.0	74.5099193744615	25.0	29779398.0
LVAD013_S3	89.2	34226365.0						
LVAD013_S3_	89.52	33817529.0						
LVAD013_S3_R1_001			0.43036881957579604					
LVAD013_S3_R1_001_val_1				73.83747507212806	48.0	75.03482585563336	25.0	37777191.0
LVAD013_S3_R2_001			2.26729047256363					
LVAD013_S3_R2_001_val_2				65.74582079642957	49.0	74.44852699609137	25.0	37777191.0
LVAD014_S4	89.02	30182826.0						
LVAD014_S4_	89.24	29816258.0						
LVAD014_S4_R1_001			0.42518278312126173					
LVAD014_S4_R1_001_val_1				74.67207719608861	49.0	75.03420288248456	25.0	33412564.0
LVAD014_S4_R2_001			2.1734596751581594					
LVAD014_S4_R2_001_val_2				67.18134499850504	50.0	74.4828462730367	25.0	33412564.0
LVAD032_S5	90.36	37405024.0						
LVAD032_S5_	90.09	36808532.0						
LVAD032_S5_R1_001			0.42761005129331453					
LVAD032_S5_R1_001_val_1				73.46842956658053	49.0	75.026145395174	25.0	40857711.0
LVAD032_S5_R2_001			1.9963010545117879					
LVAD032_S5_R2_001_val_2				65.85337267599182	50.0	74.52246421734199	25.0	40857711.0
LVAD054_S6	86.98	30060887.0						
LVAD054_S6_	87.01	29645397.0						
LVAD054_S6_R1_001			0.45428743802598626					
LVAD054_S6_R1_001_val_1				76.77328343666488	49.0	75.00724979644002	25.0	34072267.0
LVAD054_S6_R2_001			2.106161285343964					
LVAD054_S6_R2_001_val_2				69.72718175554195	50.0	74.5058527511539	33.33333333333333	34072267.0
LVAD058_S9	90.03	39167101.0						
LVAD058_S9_	89.72	38652130.0						
LVAD058_S9_R1_001			0.4484965969889166					
LVAD058_S9_R1_001_val_1				73.85899262972514	48.0	74.99344982174715	25.0	43082339.0
LVAD058_S9_R2_001			1.888624795810594					
LVAD058_S9_R2_001_val_2				65.28627356967264	50.0	74.4096448895219	25.0	43082339.0
LVAD060_S7	89.52	28851720.0						
LVAD060_S7_	89.57	28463949.0						
LVAD060_S7_R1_001			0.45206140392326244					
LVAD060_S7_R1_001_val_1				77.18374075802228	49.0	75.04337560522575	25.0	31776986.0
LVAD060_S7_R2_001			1.9578590971050667					
LVAD060_S7_R2_001_val_2				70.40507468318332	50.0	74.56753488200549	25.0	31776986.0
LVAD066_S8	88.46	32783028.0						
LVAD066_S8_	88.73	32376384.0						
LVAD066_S8_R1_001			0.42373479320198987					
LVAD066_S8_R1_001_val_1				75.50264418087843	48.0	75.0359704903278	25.0	36487020.0
LVAD066_S8_R2_001			2.361222923879134					
LVAD066_S8_R2_001_val_2				67.14154807080948	49.0	74.40035239929158	25.0	36487020.0
LVAD067_S9	88.75	30554321.0						
LVAD067_S9_	89.16	30125268.0						
LVAD067_S9_R1_001			0.5704916198713643					
LVAD067_S9_R1_001_val_1				76.73829134041198	49.0	75.03749926788895	25.0	33789273.0
LVAD067_S9_R2_001			2.135704250253407					
LVAD067_S9_R2_001_val_2				70.04048231034567	50.0	74.55786367466385	25.0	33789273.0
LVAD075_S10	86.55	31791359.0						
LVAD075_S10_	86.82	31412305.0						
LVAD075_S10_R1_001			0.4235959412884781					
LVAD075_S10_R1_001_val_1				77.87166107920308	48.0	75.03518580565255	33.33333333333333	36182403.0
LVAD075_S10_R2_001			2.2054624582210485					
LVAD075_S10_R2_001_val_2				71.04637366133406	49.0	74.48353941555513	25.0	36182403.0
LVAD079_S11	86.34	31790794.0						
LVAD079_S11_	86.64	31427258.0						
LVAD079_S11_R1_001			0.43968471943407567					
LVAD079_S11_R1_001_val_1				77.17550487154182	48.0	75.02252222310842	25.0	36272041.0
LVAD079_S11_R2_001			2.131307736839595					
LVAD079_S11_R2_001_val_2				69.43589601997661	49.0	74.50622786845659	25.0	36272041.0
LVAD083_S1	90.41	36851455.0						
LVAD083_S1_	90.47	36384122.0						
LVAD083_S1_R1_001			0.47094927750362503					
LVAD083_S1_R1_001_val_1				74.26416538314857	48.0	74.97959923939962	25.0	40217177.0
LVAD083_S1_R2_001			2.1481595841315615					
LVAD083_S1_R2_001_val_2				65.25659412549658	49.0	74.43853465895928	33.33333333333333	40217177.0
LVAD084_S2	87.21	37647145.0						
LVAD084_S2_	87.51	37273460.0						
LVAD084_S2_R1_001			0.5032881121067891					
LVAD084_S2_R1_001_val_1				77.39866360578684	48.0	74.95944929184158	25.0	42595483.0
LVAD084_S2_R2_001			2.1176445775008585					
LVAD084_S2_R2_001_val_2				68.98664486956396	49.0	74.4415932553224	25.0	42595483.0
LVAD087_S3	87.84	38965476.0						
LVAD087_S3_	87.72	38437203.0						
LVAD087_S3_R1_001			0.4782155662540417					
LVAD087_S3_R1_001_val_1				74.1604930685359	48.0	74.98979671359112	33.33333333333333	43820293.0
LVAD087_S3_R2_001			2.030619321344279					
LVAD087_S3_R2_001_val_2				65.2726649426313	49.0	74.45886484602009	25.0	43820293.0
LVAD090_S4	89.01	40874221.0						
LVAD090_S4_	88.88	40339303.0						
LVAD090_S4_R1_001			0.49772681609459907					
LVAD090_S4_R1_001_val_1				74.5419310474371	49.0	74.97151693138647	25.0	45388368.0
LVAD090_S4_R2_001			1.9148620994755636					
LVAD090_S4_R2_001_val_2				65.78602761363945	50.0	74.47502708182854	25.0	45388368.0
LVAD092_S5	89.37	36700199.0						
LVAD092_S5_	89.47	36293939.0						
LVAD092_S5_R1_001			0.4916498220567733					
LVAD092_S5_R1_001_val_1				75.62907360838345	48.0	74.94242975892622	25.0	40567539.0
LVAD092_S5_R2_001			1.9628323034315085					
LVAD092_S5_R2_001_val_2				66.82213824678172	49.0	74.46764222005184	25.0	40567539.0
LVAD106_S6	85.18	31226747.0						
LVAD106_S6_	85.29	30865387.0						
LVAD106_S6_R1_001			0.4952369314472798					
LVAD106_S6_R1_001_val_1				76.88974765560027	48.0	74.96531019721877	25.0	36188848.0
LVAD106_S6_R2_001			2.150873881296587					
LVAD106_S6_R2_001_val_2				69.01912754470865	49.0	74.41669991816264	33.33333333333333	36188848.0
LVAD111_S7	88.48	30342436.0						
LVAD111_S7_	88.4	29950108.0						
LVAD111_S7_R1_001			0.4932057439493276					
LVAD111_S7_R1_001_val_1				74.82626952441805	48.0	74.97603275326465	25.0	33881447.0
LVAD111_S7_R2_001			1.9483752845211497					
LVAD111_S7_R2_001_val_2				66.65828761637407	49.0	74.51027678953618	33.33333333333333	33881447.0
LVAD119_S8	88.63	32505185.0						
LVAD119_S8_	88.54	32066065.0						
LVAD119_S8_R1_001			0.4878845582048692					
LVAD119_S8_R1_001_val_1				74.84849871040629	48.0	74.96788780243881	25.0	36216830.0
LVAD119_S8_R2_001			2.0503136807535722					
LVAD119_S8_R2_001_val_2				65.93777680900061	49.0	74.45381763119522	25.0	36216830.0
LVAD121_S9	89.64	39286439.0						
LVAD121_S9_	89.56	38805546.0						
LVAD121_S9_R1_001			0.48545256250288116					
LVAD121_S9_R1_001_val_1				73.22928118791626	48.0	74.97644985935007	33.33333333333333	43330272.0
LVAD121_S9_R2_001			1.9170002431543172					
LVAD121_S9_R2_001_val_2				64.73475062482089	49.0	74.474669579734	25.0	43330272.0
LVAD122_S10	90.08	37574347.0						
LVAD122_S10_	90.03	37119400.0						
LVAD122_S10_R1_001			0.4673529814521981					
LVAD122_S10_R1_001_val_1				74.35711906049312	48.0	74.98835515652085	25.0	41230610.0
LVAD122_S10_R2_001			1.9140658962060009					
LVAD122_S10_R2_001_val_2				65.31157797577626	49.0	74.50550059773552	25.0	41230610.0
LVAD125_S11	87.68	37859881.0						
LVAD125_S11_	87.69	37405880.0						
LVAD125_S11_R1_001			0.4653064612342058					
LVAD125_S11_R1_001_val_1				74.82098706295345	48.0	74.97205639539708	25.0	42657453.0
LVAD125_S11_R2_001			2.089409998744753					
LVAD125_S11_R2_001_val_2				66.49924204534456	49.0	74.4310293912766	33.33333333333333	42657453.0
LVAD127_S12	89.83	42970582.0						
LVAD127_S12_	89.35	42238809.0						
LVAD127_S12_R1_001			0.4725575644035164					
LVAD127_S12_R1_001_val_1				71.49886288939783	48.0	74.99299975842416	33.33333333333333	47272940.0
LVAD127_S12_R2_001			1.9260735654197694					
LVAD127_S12_R2_001_val_2				62.49190721468128	49.0	74.49700767500393	25.0	47272940.0
LVAD130_S1	88.08	31310003.0						
LVAD130_S1_	88.31	30929168.0						
LVAD130_S1_R1_001			1.3448385816197408					
LVAD130_S1_R1_001_val_1				74.3397119849718	49.0	74.21735871799827	25.0	35022667.0
LVAD130_S1_R2_001			2.5595570387819873					
LVAD130_S1_R2_001_val_2				65.79472150430169	50.0	74.00475440662471	25.0	35022667.0
LVAD132_S2	87.59	33268859.0						
LVAD132_S2_	87.54	32894319.0						
LVAD132_S2_R1_001			0.48333660932835565					
LVAD132_S2_R1_001_val_1				78.2722606674669	49.0	74.97797727911079	25.0	37575466.0
LVAD132_S2_R2_001			1.9894217970763388					
LVAD132_S2_R2_001_val_2				70.5479998903158	50.0	74.41011776141379	33.33333333333333	37575466.0
LVAD133_S3	89.05	34735926.0						
LVAD133_S3_	88.52	34206979.0						
LVAD133_S3_R1_001			0.4527217798464601					
LVAD133_S3_R1_001_val_1				74.77152596589846	49.0	74.9881352576539	25.0	38644497.0
LVAD133_S3_R2_001			1.8104591161768613					
LVAD133_S3_R2_001_val_2				66.25512062095115	50.0	74.47248636720514	33.33333333333333	38644497.0
LVAD140_S4	88.53	33757895.0						
LVAD140_S4_	88.46	33402267.0						
LVAD140_S4_R1_001			1.1476617241682034					
LVAD140_S4_R1_001_val_1				76.04525658494877	49.0	74.19963942224936	25.0	37761620.0
LVAD140_S4_R2_001			2.1880457621229183					
LVAD140_S4_R2_001_val_2				67.1223650582302	49.0	74.05463547379588	25.0	37761620.0
LVAD141_S5	89.4	23197548.0						
LVAD141_S5_	89.34	22913792.0						
LVAD141_S5_R1_001			0.6188812433587556					
LVAD141_S5_R1_001_val_1				75.28747050917816	49.0	74.97264979099583	25.0	25647336.0
LVAD141_S5_R2_001			1.7927317313202271					
LVAD141_S5_R2_001_val_2				66.8721303691716	50.0	74.53705008582568	25.0	25647336.0
LVAD142_S6	89.25	32311969.0						
LVAD142_S6_	88.99	31943360.0						
LVAD142_S6_R1_001			0.45783451012664605					
LVAD142_S6_R1_001_val_1				76.4156694633924	48.0	74.97450681866106	25.0	35894657.0
LVAD142_S6_R2_001			1.7324606091111991					
LVAD142_S6_R2_001_val_2				67.9926661406891	50.0	74.49476689525129	25.0	35894657.0
LVAD153_S7	87.33	41817515.0						
LVAD153_S7_	87.09	41311901.0						
LVAD153_S7_R1_001			0.4628407241994769					
LVAD153_S7_R1_001_val_1				76.38564486266895	48.0	74.9760123408951	25.0	47437726.0
LVAD153_S7_R2_001			1.8454535415740885					
LVAD153_S7_R2_001_val_2				68.51876785781812	49.0	74.44125551043489	25.0	47437726.0
LVAD157_S8	86.9	29642425.0						
LVAD157_S8_	86.49	29217970.0						
LVAD157_S8_R1_001			0.46872299415121776					
LVAD157_S8_R1_001_val_1				73.21606209065172	49.0	74.97984473828218	25.0	33781154.0
LVAD157_S8_R2_001			1.9166960396835213					
LVAD157_S8_R2_001_val_2				64.16375686165915	50.0	74.41004898766928	25.0	33781154.0
